283132,ENGTTkF,2,13703118860,JfIwWfz@sina.com,96,20190405091203,0
992766,nwBSdq,1,18137768789,xIDjbN@126.com,76,20190405091203,1
335968,sWlseh,1,18612186109,jcHPkVA@189.com,20,20190405091203,0
345775,DDIMOco,1,13590708185,TbVAZ@sohu.com,10,20190405091203,0
686423,LMVXbhN,2,17800045578,RUujgIF@qq.com,38,20190405091203,2
294649,GcxxIZT,1,17093455146,QnfoEUb@189.com,45,20190405091203,1
809987,YmeHXr,2,18609743469,djxnGek@sohu.com,4,20190405091203,1
805932,hfuXWD,1,17394091165,mOpOpmd@139.com,20,20190405091203,2
418335,LbsTAm,1,18357318130,aHxbNU@buaa.edu.cn,51,20190405091203,1
785379,AyciLn,1,13155377607,HPrVrj@189.com,58,20190405091203,0
833060,VATRrd,1,15523269336,erjdM@aliyun.com,70,20190405091203,2
290475,BcpJlcJ,1,15101571688,JXCdr@qq.com,17,20190405091203,2
959009,SRRtM,2,18508611574,qjAde@buaa.edu.cn,86,20190405091203,1
874478,GhknHUV,2,13161830792,TobhFHm@189.com,60,20190405091203,0
607405,dMacB,1,18811713963,nwiHhph@tom.com,87,20190405091203,2
400366,YDZLb,2,15996036776,kMWtXXE@139.com,84,20190405091203,1
534869,zpcxtXe,2,15191968701,mFpeqPO@163.com,48,20190405091203,1
816146,NRFmQ,1,15316641730,LvVod@163.com,55,20190405091203,2
231289,bAedh,1,13788345235,teGmQ@139.com,92,20190405091203,1
810410,vqGEs,1,18948556865,yKTcL@buaa.edu.cn,9,20190405091203,1
124970,DcLqToE,1,13099167830,bglWV@aliyun.com,68,20190405091203,2
196805,rcOabPN,1,15113410922,ZoSbbb@aliyun.com,38,20190405091203,2
802032,JXIEM,2,19949954337,emljky@buaa.edu.cn,90,20190405091203,1
412438,VKhUy,1,14744711007,DeeMAE@aliyun.com,44,20190405091203,1
551482,XWsJpSC,1,18035827024,zHMlfJ@tom.com,36,20190405091203,1
592216,Bzhfxp,1,15713793493,jZbPEVs@139.com,94,20190405091203,0
218491,HfbKTj,1,18357816853,mfDVcR@buaa.edu.cn,63,20190405091203,2
217982,MgbmK,1,18169156850,llCph@139.com,19,20190405091203,1
639646,aouxoUM,1,13587889859,ppznMGn@sina.com,73,20190405091203,0
757371,KdGxR,2,18059611151,ipWjRHT@189.com,85,20190405091203,1
300852,mMnzi,2,18473559271,KkoWQ@tom.com,87,20190405091203,2
127733,poSyD,1,13144796553,GOlzZx@tom.com,38,20190405091203,0
395524,OuQhr,2,13324182252,vdrdkDQ@189.com,60,20190405091203,0
391134,MrMTk,1,17799324680,zYDzHz@buaa.edu.cn,91,20190405091203,2
299627,rOijt,2,17696113293,UskyDQ@sohu.com,37,20190405091203,1
327745,VzIzd,2,18654131441,XYZqR@189.com,52,20190405091203,2
136306,QqVCJe,1,15807897259,bHcskmy@qq.com,57,20190405091203,2
848738,pLEqr,2,18115869221,zuJBh@sina.com,31,20190405091203,2
808640,TUaao,1,18543932143,sezDrxC@189.com,8,20190405091203,2
473584,jhcCi,1,17789036991,TvZxeyC@126.com,69,20190405091203,2
407409,VZWxLD,2,17813331629,RCRgPo@tom.com,13,20190405091203,1
658211,TBkdVd,2,13244552792,MEWqos@139.com,62,20190405091203,0
727920,WgFMj,2,15368710717,fNuOAOG@126.com,93,20190405091203,1
653485,FoMJqQ,2,15587576027,FxFhD@sina.com,14,20190405091203,0
743427,utxTg,2,15589797867,qWiDTa@buaa.edu.cn,100,20190405091203,2
538024,dekTHYL,2,13277681608,pNGmIFs@126.com,42,20190405091203,2
723302,XRCzuZa,1,17673017925,FWzKO@139.com,43,20190405091203,1
350247,WhUJCNj,2,15839135087,AnFGl@126.com,81,20190405091203,2
489672,fwnjO,1,15605860965,NAHFuXz@139.com,31,20190405091203,1
245092,aeGAP,1,18689246740,OyLaR@aliyun.com,29,20190405091203,0
151660,gOlwfzn,1,18677745842,OwVwYTm@tom.com,55,20190405091203,1
681854,upOoNy,2,17089201768,qWXTRB@sohu.com,74,20190405091203,0
873648,DaiuLIq,1,13720553971,UhgaEXL@163.com,52,20190405091203,2
490556,OnLEmE,1,13955923439,bNIYles@qq.com,50,20190405091203,2
917578,wKjMFw,1,15587063902,cjdvGmf@buaa.edu.cn,33,20190405091203,2
904196,IFfBCW,1,13024167337,BVTDGG@tom.com,48,20190405091203,0
587991,KUGLEwJ,2,15575151387,YkYnZ@189.com,36,20190405091203,1
659534,PJbKuv,1,15535694040,cZuuZs@tom.com,64,20190405091203,1
562697,eWfcQHV,2,14704827119,oNbpEs@sohu.com,14,20190405091203,0
917898,jkBdXNI,1,13021436737,ATnHTwA@aliyun.com,53,20190405091203,2
319080,UdvGmw,1,13368301547,mtilbw@126.com,31,20190405091203,2
986935,dZNaStz,2,18217434081,IYWCZ@qq.com,27,20190405091203,0
398127,YiaFJAL,1,18267126035,oxxdS@163.com,98,20190405091203,1
267380,NzjFkWb,2,18700017312,yWhrM@qq.com,69,20190405091203,1
842005,buizY,2,13135838634,YTkmOSb@163.com,46,20190405091203,2
530812,gmzFGdO,2,13834893094,WurSBWd@aliyun.com,46,20190405091203,1
224961,ftwVSmk,2,19940759627,XjTotyp@189.com,20,20190405091203,2
394461,esoPUr,1,19964613897,ZBpBZC@sohu.com,33,20190405091203,1
984491,JXXJL,1,18784481245,OVFtX@126.com,14,20190405091203,1
890581,xuTKvjb,2,17660142214,GUJgzw@aliyun.com,40,20190405091203,2
597790,zQyOJ,2,18569792024,ANgYX@126.com,60,20190405091203,0
420028,ZYDRBu,2,19918927841,axcdS@139.com,8,20190405091203,0
645947,KrSlfi,1,15540058991,xJWEAYw@aliyun.com,80,20190405091203,2
279307,qySDjMY,2,15702283602,LFAut@139.com,11,20190405091203,0
585621,sWzHby,1,18623260055,oylGfvC@189.com,16,20190405091203,1
846781,nuJdAmE,2,18775993256,JxJTQt@aliyun.com,7,20190405091203,1
528945,XSKDSe,2,17695055718,QEPRX@163.com,41,20190405091203,2
564604,mBiOaaf,2,14570179169,maslU@163.com,24,20190405091203,2
845868,LoAHaE,1,15248869549,FCqHj@163.com,85,20190405091203,1
502217,EITXTOD,2,18951022040,trjBy@139.com,54,20190405091203,1
585277,FcOaZJ,1,15998043337,KPHLNrY@buaa.edu.cn,79,20190405091203,2
609385,EDinTt,2,17310429220,tsDURtk@163.com,7,20190405091203,2
642626,dzjAz,1,14704576985,GeRiAUR@buaa.edu.cn,32,20190405091203,0
843468,kvTxmgF,2,13468833810,hbnTj@aliyun.com,37,20190405091203,0
914633,mphIcz,2,15788063718,UTsPeN@126.com,69,20190405091203,0
178042,IUvunuX,2,13795841864,mtTiXai@139.com,70,20190405091203,2
587770,ppbVPp,2,15655127238,Cdujxq@sina.com,83,20190405091203,0
456659,tvKCmbn,1,13078878076,ThxmvSx@buaa.edu.cn,92,20190405091203,1
210620,KGjevw,2,18215044930,dgezOsm@sina.com,48,20190405091203,1
388231,ryaHEL,2,13251538880,ngvuHX@buaa.edu.cn,94,20190405091203,2
337799,MJIQxDJ,2,14772540493,ybCrA@139.com,47,20190405091203,2
342833,KXJGvQ,2,13199576685,Kmpibit@aliyun.com,71,20190405091203,2
938403,xAXAGfX,1,18402337578,yBpBlY@126.com,92,20190405091203,2
759746,TgLYc,2,17840280774,dwcDPg@sina.com,48,20190405091203,1
755623,ttUoj,2,17361114098,XbCeX@sina.com,37,20190405091203,2
383261,EXuMiA,1,17852291427,xKuDxn@tom.com,88,20190405091203,2
647906,uVbRxsB,1,18541985030,LxKPUPf@sina.com,80,20190405091203,0
412112,jQfdnX,1,18442958893,GZSwMba@qq.com,69,20190405091203,2
311505,IUMBr,1,17355397217,ARxLSO@189.com,15,20190405091203,1
686390,ZwkDhJA,1,13973576606,sBPjhQv@sina.com,19,20190405091203,0
508006,MiGFZJ,2,13489354207,Jqiys@qq.com,7,20190405091238,2
420474,pQWbniI,2,18729781990,zKPkdNU@189.com,12,20190405091238,1
544443,jxdPA,1,15738225847,ECeDiJP@buaa.edu.cn,84,20190405091238,1
842101,pAxFGB,1,13920251495,wnVXD@163.com,97,20190405091238,0
753274,MzcdY,1,19906313503,oRsUb@sohu.com,45,20190405091238,0
239418,ZqGqkr,2,18675398032,vCFGl@139.com,77,20190405091238,1
117551,dhEzz,1,13710928801,tvEXPhT@sina.com,4,20190405091238,2
450671,hjmSHH,1,17858908195,nEphksx@buaa.edu.cn,43,20190405091238,1
936279,VqBPKY,2,17812213055,XlsbB@sohu.com,50,20190405091238,2
980296,LFNsG,1,15045230176,ZAjXhX@qq.com,75,20190405091238,2
382980,Pdrmdw,1,17787144656,zuUsl@aliyun.com,65,20190405091241,0
200000,FkVPGA,2,15529342011,LNgZiT@tom.com,14,20190405091241,2
180844,wloiyt,2,18433954007,wMFaO@buaa.edu.cn,74,20190405091241,2
932136,CiVJWxk,1,13554421212,eMoLpn@buaa.edu.cn,64,20190405091241,2
113033,CVNpvRZ,2,18490599695,DaHUz@139.com,18,20190405091241,1
104655,tQMzCo,2,18476662527,UCgia@aliyun.com,95,20190405091241,2
494014,DSOaj,2,13343460321,NrQpn@126.com,9,20190405091241,2
257700,InOtZZ,2,15823946844,zbLuCz@sohu.com,28,20190405091241,2
888547,WBFHg,2,18750746885,KCcxn@163.com,65,20190405091241,0
656194,RqArugD,2,18496856351,NCVsA@tom.com,26,20190405091241,2
152246,HVFin,2,15034333281,UZQjoFy@sohu.com,69,20190405091241,0
600492,oxCWIh,2,13434616329,xmmeG@tom.com,52,20190405091241,2
845726,VLXuY,2,13613731542,DQdzY@qq.com,93,20190405091241,2
127375,UaLHt,1,13172492322,ZFKHvM@buaa.edu.cn,21,20190405091241,0
140340,jBmCqH,2,18460105048,PqbFY@189.com,70,20190405091241,0
923299,GIpoom,1,13774717441,Qouyh@163.com,13,20190405091241,1
758224,zwizJHm,2,13752473542,iAwXAO@sohu.com,75,20190405091241,2
607997,ZwbTMQ,1,17814957396,yPvASp@126.com,47,20190405091241,1
949275,TnZvQ,1,18266965812,wbAjsFH@aliyun.com,94,20190405091241,1
625085,VzOGIV,1,13915367887,douaOIp@sina.com,50,20190405091241,1
198040,CGpJoRC,1,18982007394,izucosP@aliyun.com,90,20190405091242,2
628858,pcURMQ,2,13160588427,jXKimB@163.com,3,20190405091242,2
665534,vCRsW,2,17034464158,VDlZFl@aliyun.com,71,20190405091242,1
447178,sGsukI,2,15794940135,CEhNalM@buaa.edu.cn,95,20190405091242,1
338947,VbKsr,2,13203605998,eulkzc@126.com,4,20190405091242,0
869928,NUiNmQ,1,13018894992,RFGCZiQ@189.com,35,20190405091242,0
425796,CULVuIF,1,15838186296,TBZRR@139.com,38,20190405091242,2
310620,zRNAz,2,18083925128,DpJxq@qq.com,21,20190405091242,0
473084,FPYTuy,1,15277035740,bnHhX@163.com,68,20190405091242,1
371970,HXHOAGT,2,17605227438,rLCjt@sohu.com,65,20190405091242,1
